lr_max: 0.005
loss_train: 0.052379042644834235
batchsize: 256
grad_max: 100.0
maxiters: 50000
n_epoch: 5000
lr_min: 1.0e-5
is_restart: false
lr_decay: 0.2
fuel_name: "beechwood"
lr_decay_step: 1000
n_train: 3
expr_name: "5s10r-01"
nr: 10
n_plot: 10
ns: 5
lb: 1.0e-8
w_decay: 1.0e-8
loss_val: 0.019453313736591853
