lr_max: 0.001
loss_train: 0.04075128227884333
grad_max: 100.0
maxiters: 50000
n_epoch: 2500
lr_min: 1.0e-5
is_restart: false
lr_decay: 0.2
fuel_name: "beechwood"
lr_decay_step: 500
n_train: 3
expr_name: "5s10r-01"
nr: 10
n_plot: 10
ns: 5
lb: 1.0e-6
w_decay: 1.0e-8
loss_val: 0.021233530225320617
